114 5
167 13
43 3
191 155
90 42
211 133
204 22
42 88
80 155
136 157
160 3
146 42
166 41
189 136
65 154
156 119
85 87
213 2
89 12
142 6
49 24
47 143
216 137
145 115
165 112
169 117
47 124
216 56
145 12
212 44
175 152
211 114
188 21
212 147
140 144
127 0
74 156
93 144
207 152
46 30
177 157
201 23
164 109
93 1
130 13
121 155
79 82
103 104
106 156
45 47
49 52
211 60
82 52
45 64
49 133
44 120
135 83
48 123
176 0
200 134
129 158
152 41
44 15
176 159
105 15
158 3
58 159
77 81
205 28
105 152
158 146
161 158
185 16
208 159
124 3
161 15
90 159
53 9
76 158
167 49
43 111
190 146
120 2
90 14
214 103
56 1
204 137
42 60
203 128
45 24
142 115
109 4
146 14
132 77
85 107
213 38
89 104
199 23
210 50
216 101
202 152
75 154
131 156
155 2
47 16
216 20
60 157
151 54
192 13
210 15
107 154
211 136
164 50
154 104
46 58
79 54
154 155
201 156
45 19
102 76
49 80
106 3
45 132
186 155
120 155
48 136
196 16
44 92
101 157
48 103
125 7
152 5
215 122
77 117
205 0
134 4
205 145
43 58
171 1
161 43
211 16
43 75
171 158
190 142
137 2
104 75
214 16
53 158
133 86
100 159
137 147
156 153
202 129
203 158
42 16
136 85
119 2
85 158
217 14
166 113
169 147
85 15
213 58
75 41
47 71
51 0
47 52
141 15
202 15
168 115
209 20
155 159
212 100
168 2
192 152
70 153
202 16
168 145
150 1
46 86
140 47
215 26
55 156
93 73
187 12
102 153
116 13
45 119
102 104
49 124
92 54
149 41
45 136
149 154
44 64
172 13
48 3
105 54
196 155
134 81
172 156
101 2
157 157
125 156
181 154
54 152
43 137
191 17
167 104
43 38
194 134
161 55
90 87
147 4
214 139
214 60
143 112
210 35
147 117
76 53
42 101
133 74
166 2
213 109
89 55
142 43
180 154
166 157
42 135
99 74
193 17
217 155
95 158
151 152
210 123
47 91
88 104
198 157
165 44
98 1
141 51
208 21
127 158
168 111
64 0
46 144
212 120
211 0
117 5
46 3
144 7
214 31
46 114
197 14
211 39
150 156
153 104
49 15
197 159
126 15
163 3
92 107
187 153
79 159
45 91
49 152
163 144
182 156
129 0
116 144
44 149
48 80
139 107
182 15
78 76
81 152
44 36
48 47
190 20
195 144
111 12
81 41
138 48
87 119
215 34
209 141
114 2
167 12
43 2
191 154
49 17
90 43
204 23
167 157
210 110
42 89
80 156
136 158
160 4
199 157
146 43
166 46
65 153
85 86
213 1
142 7
47 142
216 138
145 114
169 116
47 127
210 36
216 57
145 3
212 45
175 155
189 154
188 22
212 156
140 145
210 1
127 3
74 157
207 155
46 31
177 156
139 7
201 22
164 110
93 0
181 18
103 107
106 157
211 111
59 1
45 46
42 131
49 43
82 53
49 132
44 121
135 82
48 124
176 1
200 135
129 157
152 42
44 8
176 144
105 14
158 0
210 144
186 19
58 156
77 80
205 27
105 159
158 147
161 157
111 145
208 144
214 154
161 14
90 156
53 8
76 159
167 48
43 110
190 147
104 80
90 15
216 124
214 100
56 2
204 138
42 61
142 112
109 3
146 15
132 78
99 53
85 106
213 37
199 22
146 158
216 102
142 146
202 153
75 157
131 159
98 86
155 5
47 19
178 158
216 21
60 158
192 14
107 157
211 139
144 48
164 51
154 105
181 141
46 59
140 4
210 24
154 152
199 27
45 18
102 77
49 87
106 0
195 26
186 152
120 156
48 137
196 17
44 93
101 156
48 24
125 6
54 2
152 6
215 117
77 116
134 5
205 144
43 61
171 0
161 42
43 74
171 145
190 143
137 1
104 76
214 17
53 157
133 85
100 152
137 146
156 154
180 16
203 145
42 17
136 86
85 157
217 13
166 118
169 146
99 81
122 146
85 14
213 57
89 75
75 40
47 70
51 3
165 55
47 55
141 14
202 12
168 116
155 158
84 40
212 101
141 159
208 3
168 3
192 153
70 158
168 146
150 6
173 159
46 87
140 40
55 159
93 72
187 15
153 147
102 158
211 53
116 14
82 106
45 118
194 7
102 105
49 115
92 55
149 40
207 31
45 135
149 153
44 65
172 14
48 4
105 53
196 132
134 86
172 157
101 1
125 155
181 153
54 153
195 24
43 136
191 16
167 107
43 25
194 135
161 54
90 84
147 7
214 61
143 115
184 0
147 116
76 54
42 98
133 73
210 96
166 3
42 25
213 108
160 104
89 54
142 40
180 155
166 146
42 132
99 77
193 16
210 61
217 154
217 50
95 153
151 155
199 134
47 90
88 105
198 146
165 43
210 22
141 50
186 137
127 153
64 1
46 145
212 121
117 4
46 0
46 115
197 13
150 157
49 14
45 141
197 158
126 12
163 2
187 152
79 158
45 90
49 159
206 26
163 147
182 157
129 7
116 145
44 150
48 81
139 106
182 12
149 116
78 77
81 159
44 37
48 32
195 147
111 15
81 40
138 49
87 118
215 61
209 140
114 3
167 15
43 5
104 117
90 40
204 16
167 156
47 78
194 26
42 70
80 157
136 159
160 5
199 156
146 40
166 47
65 152
85 85
213 0
160 116
142 4
99 105
47 137
216 139
179 1
145 113
47 126
216 58
145 2
212 46
175 154
188 23
212 157
140 146
127 2
74 154
217 53
207 154
46 28
177 147
201 21
164 111
103 106
106 154
59 0
45 45
49 42
92 72
44 122
135 77
48 125
176 2
200 136
129 156
152 43
44 9
176 145
105 13
158 1
58 157
77 79
205 26
105 158
158 144
161 156
111 144
208 145
214 155
161 13
90 157
76 152
167 51
43 97
190 144
104 81
90 12
56 148
214 101
56 3
204 139
42 58
142 113
109 2
146 12
132 79
99 52
85 105
213 36
109 147
146 159
216 103
142 147
202 134
75 156
131 158
98 87
155 4
47 18
178 159
216 22
208 28
60 159
192 15
107 156
168 40
211 138
174 2
144 49
154 118
46 56
140 5
203 26
46 95
154 153
83 53
130 158
135 147
49 86
106 1
186 153
120 157
48 138
196 18
72 0
152 152
44 94
101 155
48 25
125 5
54 3
152 7
87 73
215 116
205 143
43 60
171 3
49 26
161 41
43 77
171 144
190 140
137 0
104 77
45 56
124 144
53 156
133 84
100 153
137 145
156 155
180 17
203 144
132 156
136 87
203 135
85 156
135 145
217 12
166 119
169 145
99 80
122 147
85 13
213 56
51 149
89 74
75 43
136 76
122 2
210 47
51 2
165 54
47 54
141 13
202 13
168 117
155 145
84 41
212 102
178 18
141 158
168 4
192 154
49 142
70 159
168 147
150 7
173 158
46 84
140 41
55 158
210 6
187 14
153 146
102 159
163 105
116 15
153 3
82 107
45 117
49 114
149 55
135 4
149 152
78 118
44 66
172 15
48 5
105 52
196 133
134 87
172 158
101 0
125 154
181 152
54 158
43 139
191 19
67 1
147 153
167 106
43 24
194 132
161 53
90 85
147 6
214 50
143 114
184 1
147 119
76 55
42 99
133 72
202 138
166 0
215 143
213 107
160 105
89 53
142 41
203 13
166 147
42 133
99 76
193 23
217 153
95 152
151 154
47 101
88 106
198 147
165 42
141 49
127 152
188 12
64 2
46 150
212 122
117 3
46 1
164 116
202 29
46 112
197 12
215 17
150 146
49 13
197 157
126 13
163 5
187 155
79 153
45 89
49 158
163 146
182 146
129 6
116 146
44 151
48 82
139 109
182 13
78 82
81 158
44 38
48 33
195 146
158 42
111 14
148 4
67 6
215 60
209 131
206 139
114 0
167 14
43 4
104 118
90 41
204 17
167 159
194 27
42 71
80 158
62 2
160 6
199 159
146 41
184 140
166 44
132 84
65 159
85 84
213 15
160 117
142 5
99 104
194 159
47 136
216 140
179 0
145 112
47 121
216 59
145 1
211 96
212 47
198 14
188 16
212 158
140 147
127 13
74 155
211 7
46 29
177 146
201 20
164 104
106 155
183 13
59 3
45 44
194 14
49 41
92 73
96 12
102 54
44 123
135 76
48 126
176 3
200 137
129 147
44 10
176 146
105 12
158 6
58 154
77 78
205 25
105 157
158 145
161 147
111 147
208 146
214 152
161 12
90 154
76 153
167 50
43 96
190 145
104 82
202 18
90 13
143 5
56 149
210 107
214 122
56 4
204 132
42 59
132 146
142 118
109 1
146 13
132 72
99 55
85 104
213 35
217 43
109 146
146 156
199 143
216 104
142 144
202 135
75 159
98 84
155 7
47 29
178 156
216 23
179 141
112 152
60 152
192 0
107 159
168 41
121 15
174 3
144 50
217 113
154 119
46 57
140 6
45 130
83 52
177 15
183 17
130 159
45 16
132 14
49 85
106 14
96 40
120 158
48 139
196 19
72 1
152 153
44 95
101 154
48 26
125 4
162 14
54 0
189 6
87 72
210 141
91 13
81 119
205 142
43 63
171 2
157 43
161 40
45 50
43 76
171 147
190 141
137 7
104 78
124 145
53 155
133 83
100 154
137 144
180 18
203 147
132 157
85 155
217 19
166 116
169 144
99 83
122 144
85 12
51 148
89 73
75 42
198 138
122 3
51 5
165 53
47 49
141 12
168 118
155 144
84 42
212 103
178 19
141 157
168 5
192 155
70 156
150 4
173 157
46 85
140 42
197 23
55 153
187 1
153 145
102 156
211 19
163 104
206 142
153 2
82 104
45 116
49 113
96 52
149 54
45 133
78 119
44 67
48 6
196 134
134 84
172 159
101 15
125 153
91 105
54 159
43 138
81 83
191 18
67 0
147 152
43 27
194 133
157 15
161 52
211 129
86 14
214 51
184 2
147 118
42 96
166 1
213 106
160 106
89 52
142 46
203 12
166 144
42 130
99 79
193 22
217 152
95 155
194 145
47 100
88 107
216 32
198 144
165 41
212 20
141 48
127 155
211 110
188 13
64 3
46 151
212 123
117 2
46 6
164 117
211 21
46 113
195 19
150 147
49 12
197 156
137 87
163 4
211 56
187 154
79 152
45 88
194 0
49 157
182 147
129 5
207 26
116 147
44 144
48 83
139 108
182 2
78 83
81 157
44 39
48 34
158 43
162 54
185 143
148 5
215 63
91 117
210 120
209 130
114 1
43 7
104 119
90 54
204 18
167 158
80 0
194 24
86 42
76 84
42 68
80 159
62 3
203 140
45 28
160 7
199 158
83 153
184 141
166 45
132 85
65 158
213 14
160 118
99 107
47 139
210 54
216 141
179 3
145 119
94 146
47 120
216 60
145 0
212 40
210 19
198 15
188 17
212 159
127 12
74 152
46 34
177 145
201 27
164 105
207 21
106 152
183 12
59 2
45 43
49 40
92 74
96 13
102 55
199 18
217 48
206 31
44 116
135 79
48 127
176 4
200 138
129 146
44 11
176 147
158 7
58 155
77 77
205 24
203 29
105 156
161 146
111 146
208 147
214 153
161 3
90 155
76 154
167 45
43 99
216 106
104 83
143 4
56 150
86 54
214 123
56 5
204 133
42 56
142 119
109 0
132 73
99 54
136 12
85 119
213 34
109 145
146 157
75 1
155 105
213 147
216 105
142 145
202 132
75 158
198 132
98 85
155 6
47 28
178 157
216 24
179 140
112 153
60 153
209 16
192 1
107 158
215 99
168 42
121 14
174 0
144 51
202 20
154 116
46 62
140 7
215 30
83 55
177 14
183 16
130 156
45 15
49 84
106 15
96 41
198 23
120 159
48 140
72 2
96 152
152 154
44 88
101 153
48 27
107 145
125 3
162 15
54 1
87 75
215 118
91 12
81 118
205 141
43 62
171 5
157 42
43 79
171 146
100 52
137 6
104 79
124 146
53 154
211 143
133 82
100 155
180 19
203 146
42 28
156 4
85 154
217 18
166 117
99 82
122 145
199 26
51 151
89 72
217 131
155 117
47 67
51 4
165 52
94 106
47 48
208 17
168 119
131 13
210 113
155 147
84 43
212 96
178 16
141 156
70 2
168 6
192 156
70 157
150 5
214 27
173 156
46 90
140 43
197 22
55 152
211 35
187 0
153 144
102 157
163 107
55 9
206 143
153 1
82 105
45 115
49 112
96 53
149 53
135 6
78 116
44 60
48 7
196 135
134 85
172 152
101 14
125 152
91 104
54 156
43 141
81 82
67 3
91 153
147 155
43 26
139 159
157 14
100 40
123 153
86 15
214 48
184 3
42 97
166 6
156 104
213 105
160 107
142 47
203 15
166 145
95 117
132 1
99 78
193 21
217 159
95 154
47 103
210 40
216 33
198 145
71 157
165 40
151 5
212 21
141 47
127 154
164 144
189 158
188 14
64 4
46 148
212 132
210 5
217 106
117 1
46 7
49 129
164 118
46 118
150 144
132 5
49 3
197 155
163 7
187 157
79 155
45 87
49 156
200 0
182 144
129 4
116 156
44 145
48 84
139 111
182 3
189 15
78 80
81 156
44 32
48 35
158 40
162 55
186 23
185 142
148 6
215 62
91 116
209 129
43 6
90 55
204 19
167 153
80 1
194 25
86 43
215 128
76 85
42 69
62 0
86 154
199 153
184 142
132 86
65 157
104 2
213 13
160 119
95 105
99 106
118 154
47 138
216 142
179 2
145 118
94 147
98 78
47 123
88 72
216 61
145 7
151 41
212 41
198 12
74 54
188 18
212 152
127 15
74 153
46 35
177 144
50 158
201 26
164 106
130 6
207 20
106 153
183 15
59 5
82 158
45 42
49 47
72 152
92 75
96 14
102 52
44 117
135 78
48 112
176 5
200 139
129 145
44 4
158 4
215 109
58 152
77 76
205 23
195 1
161 145
111 157
214 158
161 2
90 152
76 155
167 44
43 98
104 84
143 7
56 151
214 129
86 55
214 120
56 6
204 134
42 57
142 116
207 135
132 74
136 13
85 118
213 33
109 144
146 154
75 0
194 152
155 104
213 146
157 4
202 133
98 82
47 31
178 154
216 25
179 143
112 154
211 103
60 154
192 2
141 119
208 15
74 42
168 43
97 155
121 13
174 1
42 129
144 52
154 117
83 73
46 63
140 0
214 21
83 54
177 13
159 117
201 135
183 19
130 157
211 49
211 121
45 14
49 75
209 19
106 12
181 140
96 42
207 19
45 159
48 141
72 3
96 153
152 155
44 89
101 152
48 28
125 2
162 12
54 6
77 159
87 74
215 113
91 15
81 117
205 140
43 49
171 4
157 41
43 78
100 53
137 5
124 147
53 153
133 81
190 2
210 100
132 159
42 29
156 5
85 153
206 130
217 17
120 12
166 106
99 85
122 158
51 150
217 130
217 46
155 116
47 66
51 7
165 51
94 107
98 118
47 51
88 0
186 141
131 12
155 146
84 52
212 97
178 17
141 155
70 3
74 78
189 144
168 7
192 157
217 116
173 155
121 154
197 21
55 155
187 3
102 146
159 105
163 106
55 8
206 140
153 0
45 114
49 119
206 22
96 54
149 52
45 131
78 117
44 61
48 56
189 1
134 74
172 153
101 13
215 21
91 107
54 157
43 140
81 81
157 156
211 26
91 152
147 154
43 29
157 13
100 41
122 1
123 152
86 12
214 49
52 148
184 4
42 110
166 7
156 105
213 104
210 7
142 44
203 14
95 116
132 2
193 20
217 158
169 3
47 102
216 34
71 156
151 4
212 22
141 46
164 145
188 15
151 117
64 5
46 149
84 72
212 133
117 0
46 4
164 119
93 55
83 1
46 119
150 145
49 2
197 154
163 6
187 156
79 154
82 74
45 86
49 147
200 1
182 145
116 157
44 146
48 85
139 110
215 142
200 144
182 0
148 144
78 81
44 33
48 36
158 41
162 52
185 141
148 7
215 57
91 119
209 128
43 121
90 52
211 132
204 12
167 152
80 2
194 22
86 40
76 86
42 66
62 1
86 155
199 152
184 143
132 87
65 156
213 12
95 104
118 155
47 149
216 143
179 5
145 117
94 144
98 79
104 116
47 122
88 73
216 62
208 24
145 6
151 40
212 42
198 13
74 55
168 48
188 19
212 153
127 14
164 4
46 32
50 159
201 25
164 107
130 7
46 91
207 23
183 14
59 4
82 159
45 41
49 46
72 153
96 15
211 63
102 53
78 2
44 118
135 73
48 113
176 6
200 140
129 144
44 5
158 5
215 108
58 153
77 75
205 22
195 0
161 144
111 156
214 159
161 1
90 153
143 145
167 47
43 101
104 85
120 3
214 14
143 6
56 152
86 52
214 121
56 7
204 135
42 38
203 131
142 117
132 75
136 14
85 117
213 32
199 13
146 155
75 3
189 23
155 107
210 51
216 107
112 12
98 83
47 30
178 155
216 26
179 142
122 4
112 155
60 155
192 3
210 12
141 118
74 43
168 44
97 154
121 12
174 6
144 53
83 72
46 60
103 53
140 1
177 12
159 116
163 113
201 134
183 18
130 154
202 19
153 43
45 13
49 74
106 13
159 5
92 40
96 43
45 158
48 142
72 4
96 154
152 156
44 90
48 29
125 1
162 13
54 7
77 158
215 112
91 14
81 116
57 3
205 139
43 48
171 7
157 40
43 65
100 54
137 4
214 42
53 152
133 80
190 3
202 142
132 152
156 6
85 152
217 16
180 140
166 107
99 84
193 15
122 159
51 153
217 129
155 119
122 14
51 6
165 50
94 104
98 119
47 50
88 1
131 15
84 53
212 98
178 14
141 154
70 0
74 79
192 158
107 13
202 17
173 154
121 153
197 20
55 154
187 2
102 147
159 104
163 109
55 11
206 141
153 7
45 113
49 118
92 12
96 55
135 0
44 62
48 57
134 75
172 154
101 12
138 6
67 2
87 105
215 20
91 106
43 143
81 80
209 155
157 155
91 155
147 157
43 28
157 12
214 136
100 42
123 155
86 13
214 54
52 149
184 5
42 111
211 62
52 4
166 4
156 106
213 119
142 45
203 1
95 119
132 3
217 157
169 2
47 97
216 35
71 159
151 7
212 23
141 45
208 22
164 146
151 116
64 6
46 154
84 73
212 134
211 3
117 15
46 5
164 112
93 54
214 28
83 0
46 116
211 38
173 15
49 1
197 153
187 159
82 75
45 85
102 14
49 146
200 2
116 158
44 147
48 86
200 145
182 1
148 145
78 86
44 34
48 37
190 21
162 53
185 140
148 0
87 13
215 56
91 118
77 55
209 135
80 116
43 120
139 146
90 53
143 45
204 13
167 155
80 3
133 7
194 23
210 111
86 41
76 87
204 156
42 67
62 6
86 152
199 155
184 144
132 80
95 107
118 152
47 148
216 144
179 4
145 116
94 145
210 33
98 76
47 5
88 74
216 63
145 5
151 43
212 43
198 2
74 52
189 153
168 49
212 154
217 109
164 5
46 33
210 121
50 156
201 24
130 4
207 22
59 7
82 156
45 40
42 128
49 45
72 154
96 0
102 42
149 107
78 3
44 119
135 72
48 114
176 7
200 141
44 6
210 145
186 16
77 74
205 21
195 3
111 159
216 152
214 156
161 0
143 144
167 46
80 80
43 100
104 86
214 15
143 1
56 153
86 53
214 126
56 8
204 128
42 39
217 59
136 15
85 116
213 47
199 12
146 152
75 2
189 22
155 106
213 144
216 108
195 140
112 13
98 80
47 25
178 152
216 27
179 145
112 156
192 4
107 147
74 40
168 45
97 153
211 145
174 7
144 54
83 75
46 61
103 52
140 2
177 3
159 119
163 112
201 133
130 155
153 42
45 12
49 73
159 4
92 41
45 157
48 143
211 29
72 5
96 155
152 157
44 91
48 30
125 0
54 4
77 157
152 12
215 115
91 1
81 107
87 53
57 2
205 138
43 51
171 6
43 64
100 55
214 43
190 0
156 144
49 128
42 27
156 7
217 23
180 141
75 81
166 104
99 87
193 14
122 156
51 152
217 128
155 118
47 76
51 9
165 49
94 105
98 116
47 61
88 2
211 106
131 14
84 54
212 99
178 15
141 153
70 1
208 4
74 76
192 159
107 12
46 82
173 153
46 89
174 146
197 19
55 149
187 5
102 144
159 107
163 108
55 10
211 52
206 146
153 6
45 112
194 4
49 117
92 13
207 30
45 129
44 63
172 4
48 58
162 46
152 104
134 72
172 155
138 7
87 104
215 23
43 142
81 87
209 154
157 154
91 154
147 156
43 31
147 13
100 43
123 154
86 2
214 55
52 150
123 7
184 6
42 108
210 97
52 5
166 5
156 107
213 118
206 135
142 50
203 0
95 118
42 142
210 58
217 156
217 49
169 1
151 145
193 155
47 96
216 36
71 158
151 6
212 16
210 23
141 44
164 147
151 119
64 7
46 155
84 74
212 135
117 14
46 10
164 113
93 53
83 3
46 117
173 14
49 0
135 14
197 152
187 158
82 72
45 84
102 15
49 145
206 27
200 3
163 153
116 159
44 140
48 87
200 146
182 6
148 146
78 87
44 35
48 38
195 153
162 50
185 147
148 1
87 12
215 59
91 73
77 54
209 134
167 5
80 117
43 123
143 44
147 41
204 14
167 154
80 4
133 6
194 20
76 80
204 157
42 64
62 7
86 153
199 154
184 145
132 81
142 14
95 106
118 153
65 3
47 151
216 145
179 7
145 107
98 77
47 4
211 120
88 75
216 0
145 4
151 42
212 52
198 3
74 53
168 50
212 155
50 10
164 6
188 156
46 38
50 157
130 5
117 147
59 6
82 157
45 39
49 44
72 155
96 1
102 43
149 106
78 0
44 112
135 75
48 115
200 142
44 7
215 110
77 73
205 20
195 2
158 154
91 85
111 158
214 157
161 7
143 147
167 41
80 81
43 103
190 154
104 87
214 12
143 0
56 154
194 13
86 74
214 127
56 9
76 116
204 129
42 36
217 58
146 6
213 46
199 15
146 153
75 5
189 21
213 159
216 109
112 14
98 81
47 24
178 153
216 28
179 144
208 29
112 157
192 5
107 146
144 152
74 41
168 46
97 152
60 4
211 144
174 4
144 55
83 74
46 66
103 55
140 3
121 157
177 2
159 118
163 115
201 132
130 152
153 41
45 11
49 72
159 7
92 42
183 157
45 156
48 128
196 24
72 6
96 156
152 158
44 84
48 31
215 157
54 5
77 156
152 13
215 114
91 0
81 106
87 52
57 1
186 142
205 137
43 50
139 155
43 67
210 118
214 40
190 1
137 155
156 145
86 86
42 24
203 134
156 0
135 144
217 22
180 142
146 106
75 80
166 105
169 155
99 86
193 13
122 157
51 155
217 135
139 144
47 79
210 44
51 8
145 51
165 48
98 117
47 60
88 3
141 7
84 55
212 108
178 12
141 152
70 6
74 77
192 144
49 141
107 15
168 153
173 152
46 94
174 147
197 18
55 148
187 4
102 145
49 27
159 106
206 0
163 111
55 5
206 147
153 5
45 111
49 116
92 14
206 2
45 128
203 28
44 56
172 5
48 59
162 47
152 105
134 73
138 4
87 107
215 22
162 158
43 129
81 86
209 153
67 7
91 157
147 159
43 30
104 0
147 12
123 157
86 3
214 52
52 151
184 7
42 109
52 6
202 139
213 117
142 51
203 3
132 13
85 43
195 133
169 0
151 144
193 154
47 99
216 37
71 153
94 74
151 1
212 17
141 43
164 156
209 14
151 118
46 152
84 75
212 128
117 13
46 11
140 116
164 114
93 52
83 2
46 122
215 16
173 13
49 7
197 135
195 18
187 145
82 73
45 83
102 12
49 144
200 4
163 152
116 152
44 141
48 72
200 147
182 7
148 147
78 84
44 28
48 39
195 152
162 51
185 146
148 2
87 15
215 58
91 72
185 3
77 53
209 133
167 4
80 118
43 122
181 17
143 47
147 40
204 15
80 5
133 5
194 21
76 81
204 158
42 65
62 4
86 158
184 146
132 82
99 1
142 15
95 85
118 158
65 2
47 150
216 146
179 6
145 106
98 74
47 7
216 1
211 99
212 53
198 0
168 51
131 73
50 11
164 7
211 6
188 157
46 39
50 154
130 2
117 146
211 45
82 154
45 38
194 15
49 35
72 156
96 2
102 40
149 105
78 1
44 113
135 74
48 116
200 143
44 0
215 105
77 72
205 19
195 5
158 155
91 84
111 153
208 136
214 146
161 6
143 146
167 40
80 82
43 102
190 155
214 13
143 3
56 155
210 104
86 75
214 124
180 4
56 10
76 117
204 130
42 37
132 147
217 57
146 7
213 45
89 119
217 42
199 14
75 4
95 73
189 20
199 142
213 158
216 110
142 154
112 15
47 27
88 40
216 29
179 147
112 158
94 2
192 6
216 100
141 115
144 153
74 86
168 47
97 159
60 5
211 147
174 5
144 40
217 112
46 67
103 54
177 1
163 114
201 139
130 153
153 40
45 10
42 141
49 79
159 6
92 43
183 156
45 155
48 129
196 25
72 7
96 157
152 159
44 85
48 16
215 156
128 152
77 155
152 14
210 138
91 3
81 105
87 55
57 0
205 136
43 53
43 66
122 5
214 41
42 118
190 6
137 154
156 146
86 87
203 137
132 155
156 1
217 21
180 143
146 107
75 83
166 110
169 154
193 12
122 154
51 154
217 134
198 139
169 43
122 13
175 5
51 11
145 50
47 63
88 4
141 6
212 109
178 13
70 7
74 74
192 145
107 14
168 154
83 105
121 158
174 144
197 17
73 3
55 151
187 7
153 155
139 152
163 110
55 4
198 26
206 144
153 4
45 110
49 107
92 15
206 3
44 57
172 6
48 60
196 140
162 44
152 106
134 78
138 5
87 106
125 147
162 159
43 128
81 85
209 152
139 6
157 152
91 156
147 158
43 17
104 1
147 15
104 144
123 156
86 0
214 53
186 18
42 106
123 13
52 7
213 116
142 48
203 2
42 140
99 117
85 42
169 7
151 147
193 153
47 98
216 38
108 12
71 152
94 75
151 0
212 18
141 42
164 157
211 113
46 153
84 84
212 129
117 12
154 6
46 8
140 117
144 112
164 115
211 20
83 5
46 123
153 119
173 12
49 6
197 134
211 59
187 144
45 82
194 1
102 13
49 151
200 5
163 155
78 42
116 153
44 142
48 73
68 4
182 4
148 156
78 85
44 29
195 155
162 48
185 145
148 3
87 14
215 53
91 75
185 2
77 52
209 132
167 7
80 119
43 125
191 141
143 46
147 43
80 6
133 4
194 18
76 82
204 159
42 78
62 5
203 143
45 27
86 159
184 147
132 83
99 0
206 136
142 12
95 84
99 145
118 159
65 1
47 145
210 55
216 147
145 105
98 75
118 14
47 6
216 2
212 54
210 16
198 1
168 52
131 72
84 104
50 8
164 0
188 158
46 36
103 13
50 155
130 3
117 145
82 155
45 37
49 34
135 5
72 157
96 3
149 7
82 42
102 41
139 49
206 28
149 104
78 6
44 114
210 134
48 117
44 1
215 104
205 18
195 4
158 152
210 30
91 87
111 152
208 137
63 5
214 147
161 5
143 157
213 145
167 43
80 83
43 89
190 152
214 2
143 2
56 156
86 72
214 125
180 5
56 11
202 130
76 118
204 131
42 34
217 56
146 4
213 44
89 118
75 7
95 72
189 19
213 157
216 111
142 155
112 0
198 133
47 26
88 41
216 30
179 146
112 159
94 3
209 23
192 7
141 114
144 154
74 87
97 158
60 6
211 146
144 41
202 21
97 15
46 64
126 146
177 0
163 117
201 138
45 9
49 78
159 1
183 159
198 20
82 14
45 154
48 130
196 26
96 158
44 86
48 17
107 144
215 159
128 153
77 154
152 15
138 110
215 12
91 2
77 107
81 104
87 54
57 7
205 135
43 52
43 69
214 46
211 142
42 119
190 7
137 153
156 147
86 84
203 136
42 6
156 2
217 20
146 104
75 82
113 155
166 111
169 153
193 3
122 155
51 157
217 133
169 42
47 73
175 4
51 10
145 49
211 28
47 62
88 5
141 5
208 18
46 130
212 110
70 4
74 75
168 12
192 146
107 1
168 155
97 43
214 24
83 104
46 92
174 145
103 85
197 16
73 2
55 150
211 34
187 6
153 154
49 25
55 7
206 145
45 109
49 106
182 142
49 135
44 58
172 7
48 61
158 54
196 141
162 45
148 104
152 107
134 79
138 2
125 146
162 156
54 150
43 131
81 84
209 159
91 159
43 16
139 158
147 14
104 145
123 159
86 1
42 107
123 12
52 0
210 112
213 115
142 49
203 5
132 15
99 116
85 41
169 6
151 146
193 152
47 109
210 41
216 39
108 13
71 155
94 72
151 3
212 19
141 41
108 156
164 158
189 157
188 4
46 158
84 85
212 130
88 144
217 105
207 137
154 7
46 9
140 118
144 113
97 55
83 4
46 120
153 118
132 6
49 5
197 133
163 13
187 147
45 81
102 2
49 150
200 6
163 154
211 116
78 43
116 154
44 143
48 74
68 5
182 5
148 157
189 14
44 30
195 154
162 49
186 20
185 144
148 12
215 52
91 74
185 1
167 6
80 104
43 124
191 140
143 41
147 42
80 7
133 3
194 19
215 131
76 83
204 152
42 79
86 156
217 35
99 3
213 23
142 13
95 87
99 144
118 156
65 0
47 144
145 104
98 72
118 15
47 1
216 3
212 55
198 6
168 53
131 75
84 105
50 9
164 1
188 159
46 37
103 12
50 152
130 0
117 144
103 157
183 5
82 152
45 36
83 145
49 33
72 158
163 41
96 4
149 6
82 43
139 48
149 119
78 7
44 115
210 135
48 118
105 107
152 52
44 2
158 14
211 18
205 17
81 3
195 7
158 153
91 86
111 155
208 138
63 4
214 144
161 4
143 156
167 42
80 84
43 88
190 153
214 3
143 13
56 157
214 134
86 73
214 114
180 6
76 119
42 35
217 63
146 5
207 134
213 43
89 117
75 6
95 75
189 18
194 153
213 156
157 3
142 152
112 1
47 37
88 42
216 31
112 144
94 0
141 113
144 155
208 0
74 84
97 157
60 7
144 42
211 13
97 14
46 65
126 147
177 7
163 116
201 137
211 48
45 8
49 77
159 0
183 158
207 18
82 15
45 153
48 131
196 27
159 145
96 159
44 87
48 18
215 158
162 6
128 154
77 153
138 111
158 106
215 15
91 5
114 158
77 106
110 146
57 6
205 134
43 55
43 68
137 15
214 47
76 4
42 116
190 4
137 152
210 101
86 85
203 139
42 7
42 26
215 13
156 3
206 131
217 27
146 105
75 85
113 154
166 108
169 152
42 150
193 2
122 152
210 62
51 156
217 132
217 45
169 41
199 133
47 72
175 7
145 48
207 142
47 57
88 6
141 4
186 138
46 131
212 111
70 5
74 72
168 13
192 147
107 0
168 156
97 42
83 107
46 93
103 84
73 1
153 153
139 154
55 6
45 108
49 105
206 23
182 143
206 1
115 145
44 59
172 0
48 62
158 55
196 142
162 42
148 105
189 0
134 76
101 55
138 3
125 145
162 157
54 151
43 130
81 75
209 158
138 146
91 158
43 19
104 3
67 153
170 146
47 77
104 146
123 158
86 6
76 40
42 104
123 15
89 147
52 1
213 114
142 54
203 4
42 138
99 119
85 40
71 5
169 5
193 159
47 108
216 40
108 14
71 154
94 73
151 2
212 28
141 40
203 31
108 157
164 159
188 5
46 159
84 86
212 131
88 145
207 136
154 4
46 14
140 119
144 114
97 54
83 7
46 121
153 117
120 0
49 4
197 132
163 12
187 146
45 80
102 3
49 149
200 7
163 157
78 40
116 155
44 136
48 75
68 6
92 156
148 158
44 31
195 157
148 13
101 43
215 55
185 0
167 1
80 105
43 127
191 143
143 40
211 135
133 2
194 16
76 76
204 153
42 76
133 147
86 157
217 34
99 2
62 154
213 22
165 147
95 86
99 147
118 157
65 7
47 147
213 135
145 111
94 154
98 73
118 12
47 0
216 4
208 25
212 48
198 7
168 54
131 74
84 106
50 6
164 2
188 152
46 42
103 15
50 153
130 1
46 88
117 159
103 156
183 4
82 153
45 35
83 144
49 32
72 159
163 40
96 5
149 5
82 40
48 152
139 51
149 118
78 4
44 108
210 132
48 119
105 106
115 1
152 53
44 3
158 15
215 106
205 16
81 2
101 79
195 6
158 158
111 154
208 139
63 7
214 145
87 157
143 159
80 85
43 91
190 158
45 59
214 0
143 12
56 158
119 157
214 115
180 7
42 32
203 130
217 62
83 159
213 42
89 116
95 74
189 17
210 48
216 113
142 153
112 2
94 118
47 36
88 43
213 101
112 145
94 1
210 13
141 112
144 156
74 85
97 156
60 0
192 136
144 43
73 155
97 13
46 70
126 144
177 6
163 119
201 136
45 7
49 76
159 3
183 153
82 12
45 152
48 132
196 4
159 144
96 144
44 80
48 19
215 153
162 7
128 155
77 152
138 108
158 107
215 14
162 118
91 4
114 159
77 105
43 153
110 147
57 5
205 133
43 54
104 40
110 2
43 71
216 112
137 14
214 44
76 5
42 117
190 5
137 159
86 106
202 143
203 138
42 4
66 158
217 26
75 84
113 153
166 109
169 159
42 151
193 1
122 153
51 159
217 139
169 40
98 158
47 75
175 6
145 55
47 56
88 7
141 3
46 128
212 104
215 121
74 73
168 14
107 3
130 86
168 157
97 41
79 105
83 106
46 98
103 87
73 0
153 152
49 31
55 1
187 137
45 107
49 104
68 156
182 140
206 6
44 52
172 1
48 63
158 52
196 143
162 43
148 106
134 77
172 144
101 54
138 0
67 5
125 144
162 154
54 148
43 133
81 74
209 157
191 5
138 147
91 145
43 18
104 4
157 6
194 156
170 147
214 137
104 147
123 145
86 7
76 41
42 105
123 14
86 118
89 146
52 2
213 113
89 3
142 55
203 7
42 139
132 158
99 118
210 126
85 55
71 4
215 107
169 4
155 41
193 158
47 111
88 116
216 41
108 15
61 159
212 29
108 158
164 152
131 81
188 6
46 156
84 87
212 140
88 146
93 159
211 2
207 139
154 5
46 15
140 112
144 115
97 53
79 77
214 29
83 6
46 126
211 41
153 116
120 1
49 59
163 15
45 79
102 0
49 148
163 156
78 41
44 137
48 76
68 7
92 157
148 159
44 24
195 156
148 14
63 157
101 42
215 54
185 7
124 12
167 0
80 106
43 126
191 142
143 43
167 145
133 1
194 17
210 108
76 77
204 154
42 77
170 6
133 146
86 146
217 33
199 145
99 5
62 155
213 21
165 146
99 146
118 146
65 6
47 146
213 134
145 110
94 155
118 13
155 53
47 3
210 34
216 5
94 42
84 4
212 49
198 4
189 152
168 55
131 77
84 107
50 7
217 108
164 3
150 106
188 153
46 43
103 14
50 150
211 104
117 158
103 159
201 147
183 7
45 34
83 147
49 39
163 43
217 51
96 6
149 4
82 41
48 153
139 50
149 117
78 5
44 109
210 133
48 104
105 105
115 0
152 54
158 12
210 142
186 17
205 15
81 1
101 78
158 159
213 131
208 140
63 6
87 156
143 158
80 86
43 90
190 159
214 1
143 15
56 159
119 156
214 112
180 0
42 33
119 13
217 61
146 3
213 41
146 146
169 51
189 16
213 154
216 114
142 158
112 3
165 7
94 119
98 106
47 39
178 146
112 146
94 6
141 111
144 157
74 82
97 147
60 1
192 137
144 44
73 154
97 12
150 118
210 31
46 71
126 145
79 5
177 5
163 118
201 143
45 6
49 67
159 2
183 152
82 13
45 151
48 133
196 5
159 147
96 145
44 81
48 20
215 152
162 4
128 156
138 109
158 104
162 119
91 7
114 156
77 104
43 152
110 144
57 4
205 132
43 41
104 41
110 3
43 70
137 13
214 45
76 6
42 114
137 158
86 107
113 15
42 5
66 159
217 25
75 87
113 152
207 141
169 158
42 148
193 0
51 158
89 87
217 138
169 47
98 159
194 146
47 74
175 1
145 54
98 14
47 59
141 2
211 109
151 105
46 129
212 105
141 147
208 5
74 118
168 15
107 2
93 43
130 87
46 83
97 40
79 104
173 147
46 99
103 86
73 7
153 159
139 156
55 0
211 55
187 136
45 106
194 5
49 111
68 157
182 141
207 25
206 7
58 6
44 53
172 2
48 48
158 53
196 136
162 40
148 107
209 3
172 145
101 53
138 1
215 45
162 155
54 149
43 132
81 73
209 156
191 4
138 144
211 31
91 144
214 133
43 21
104 5
157 5
170 144
123 144
86 4
52 156
184 12
76 42
42 86
45 31
86 119
89 145
52 3
213 112
206 132
89 2
142 52
203 6
42 136
159 43
85 54
210 59
71 7
155 40
193 157
47 110
88 117
216 42
198 142
49 134
61 158
212 30
210 20
108 159
164 153
131 80
188 7
46 157
212 141
88 147
74 106
93 158
207 138
154 2
46 12
140 113
144 116
93 15
97 52
79 76
46 127
45 61
49 58
159 53
163 14
45 78
102 1
49 139
206 24
163 159
44 138
210 158
48 77
68 0
200 152
92 158
148 152
44 25
195 159
148 15
63 156
101 41
215 49
185 6
124 13
53 7
167 3
80 107
43 113
191 137
143 42
204 4
167 144
133 0
76 78
204 155
42 74
170 7
133 145
86 147
217 32
199 144
99 4
62 152
213 20
165 145
118 147
65 5
47 157
213 133
179 13
145 109
94 152
118 2
155 52
47 2
216 6
94 43
98 54
84 5
212 50
198 5
131 76
84 116
50 4
164 12
150 107
188 154
46 40
50 151
215 29
117 157
103 158
201 146
183 6
45 33
83 146
102 82
49 38
159 41
163 42
96 7
149 3
48 154
139 53
115 146
44 110
210 130
48 105
105 104
115 3
152 55
138 118
158 13
215 100
205 14
81 0
101 77
158 156
205 159
208 141
63 1
87 159
143 153
80 87
43 93
190 156
214 6
143 14
119 159
214 113
180 1
42 46
119 12
217 60
146 0
213 40
199 5
146 147
169 50
213 153
216 115
142 159
112 4
165 6
94 116
98 107
47 38
178 147
208 30
112 147
94 7
141 110
144 158
74 83
211 123
97 146
60 2
192 138
174 14
144 45
73 153
97 3
150 119
46 68
93 119
121 156
79 4
177 4
201 142
130 146
45 5
49 66
159 13
183 155
45 150
48 134
196 6
159 146
96 146
44 82
48 21
215 155
162 5
128 157
138 106
158 105
162 116
91 6
128 12
114 157
43 155
110 145
57 11
205 131
43 40
104 42
110 0
137 12
210 119
214 34
76 7
42 115
137 157
86 104
113 14
42 2
66 156
45 17
217 24
210 137
75 86
113 159
169 157
42 149
193 7
89 86
217 137
169 46
98 156
207 143
47 85
175 0
210 45
145 53
98 15
47 58
141 1
151 104
46 134
212 106
178 6
141 146
74 119
139 14
107 5
93 42
130 84
168 159
79 107
173 146
46 96
103 81
73 6
153 158
49 29
55 3
187 139
153 15
45 105
49 110
68 158
92 4
206 4
58 7
44 54
172 3
48 49
196 137
162 41
148 116
209 2
172 146
101 52
138 14
215 44
162 152
43 135
81 72
209 147
191 7
138 145
157 147
91 147
43 20
104 6
67 154
170 145
123 147
86 5
215 135
52 157
184 13
76 43
42 87
136 144
123 0
86 116
89 144
202 136
213 127
89 1
142 53
42 137
85 53
195 132
71 6
155 43
193 156
47 105
88 118
216 43
198 143
61 157
212 31
108 152
164 154
131 83
188 0
212 142
74 107
93 157
154 3
46 13
140 114
144 117
93 14
97 75
79 79
46 124
103 117
215 19
45 60
173 7
49 57
159 52
163 49
45 77
102 6
49 138
163 158
44 139
210 159
48 78
68 1
200 153
92 159
148 153
44 26
195 158
63 159
101 40
87 5
215 48
206 134
185 5
157 119
124 14
53 6
167 2
43 112
203 30
191 136
181 16
143 53
204 5
167 147
133 15
214 106
76 79
42 75
170 4
133 144
86 144
217 39
199 147
184 152
99 7
62 153
213 19
165 144
118 144
65 4
47 156
213 132
157 7
179 12
145 108
94 153
131 145
118 3
155 55
47 13
216 7
94 40
98 55
84 6
212 51
208 12
131 79
84 117
50 5
164 13
150 104
188 155
46 41
50 148
97 87
117 156
214 22
103 153
201 145
183 1
211 44
45 32
194 12
102 83
49 37
159 40
163 45
149 2
48 155
139 52
44 111
210 131
48 106
115 2
138 119
215 103
205 13
81 7
101 76
158 157
87 41
205 158
208 142
134 154
63 0
87 158
143 152
80 72
43 92
190 157
210 2
214 7
119 158
66 6
210 105
214 118
180 2
42 47
42 30
119 15
217 3
146 1
213 55
217 41
199 4
146 144
169 49
213 152
216 116
142 156
112 5
165 5
94 117
98 104
47 33
178 144
179 153
202 26
94 4
141 109
144 159
74 80
189 147
97 145
60 3
192 139
211 153
174 15
144 46
73 152
217 119
97 2
150 116
46 69
93 118
79 7
201 141
130 147
45 4
49 65
159 12
183 154
45 149
48 135
196 7
159 157
96 147
44 83
48 22
105 75
215 154
162 2
128 158
189 4
138 107
210 139
162 117
128 13
114 154
43 154
57 10
167 117
205 130
43 43
216 158
104 43
209 15
110 1
80 52
47 65
214 35
143 109
76 0
42 112
137 156
86 105
113 13
42 3
66 157
217 31
75 73
113 158
169 156
42 146
193 6
89 85
217 136
145 155
198 136
169 45
98 157
61 7
47 84
175 3
145 52
98 12
212 4
141 0
215 111
151 107
46 135
212 107
178 7
141 145
74 116
107 4
93 41
130 85
79 106
173 145
46 97
174 154
103 80
197 27
73 5
153 157
49 28
126 2
55 2
198 27
187 138
206 154
153 14
45 104
49 109
68 159
92 5
206 5
58 4
44 55
48 50
196 138
148 117
209 1
172 147
138 15
215 47
162 153
43 134
81 79
209 146
191 6
138 158
157 146
91 146
43 23
100 76
104 7
67 157
57 151
170 158
123 146
160 152
52 158
184 14
42 84
136 145
123 3
86 117
146 54
213 126
89 0
217 123
75 117
85 52
71 1
155 42
193 147
47 104
88 119
216 44
198 140
61 156
212 24
108 153
164 155
211 112
131 82
188 1
212 143
140 156
74 104
93 156
202 30
154 0
46 18
140 115
144 118
93 13
211 23
97 74
79 78
207 5
46 125
103 116
120 4
173 6
49 56
194 157
159 55
163 48
211 58
45 76
102 7
49 137
44 132
210 156
48 79
68 2
200 154
92 152
148 154
44 27
105 3
210 127
185 155
63 158
101 87
87 4
215 51
185 4
157 118
124 15
53 5
43 115
191 139
45 63
143 52
204 6
167 146
133 14
137 75
214 107
215 130
76 72
42 72
170 5
133 159
203 142
135 152
86 145
217 38
199 146
184 153
99 6
62 158
213 18
206 137
165 159
118 145
47 159
210 52
216 153
179 15
94 158
131 144
118 0
155 54
84 144
47 12
94 41
98 52
84 7
212 60
210 17
131 78
84 118
50 2
164 14
150 105
46 46
50 149
97 86
117 155
103 152
201 144
183 0
135 157
102 80
49 36
45 134
163 44
149 1
48 156
139 55
206 29
186 6
44 104
210 128
48 107
115 5
138 116
215 102
162 110
205 12
81 6
101 75
87 40
205 157
208 143
134 155
63 3
87 153
143 155
80 73
43 95
100 4
214 4
119 153
66 7
214 119
180 3
202 131
42 44
119 14
156 52
211 107
217 2
213 54
199 7
146 145
169 48
211 98
216 117
142 157
112 6
165 4
98 105
47 32
178 145
179 152
202 27
94 5
209 22
141 108
144 144
74 81
97 144
192 140
211 152
174 12
144 47
73 159
130 78
97 1
150 117
46 74
215 24
93 117
79 6
201 140
130 144
45 3
49 64
159 15
198 21
45 148
196 0
159 156
44 76
48 23
141 117
105 74
162 3
128 159
138 104
157 159
162 114
128 14
114 155
43 157
181 7
57 9
167 116
205 129
43 42
110 6
80 53
214 32
143 108
147 105
76 1
42 113
210 28
113 12
42 0
66 154
89 43
217 30
75 72
113 157
95 5
42 147
193 5
89 84
217 143
145 154
169 44
98 154
61 6
47 87
175 2
145 43
94 86
98 13
212 5
208 19
151 106
46 132
212 116
178 4
141 144
74 117
211 126
107 7
93 40
130 82
79 117
214 25
173 144
46 102
174 155
103 83
197 26
73 4
211 37
153 156
49 19
126 3
187 141
206 155
153 13
45 103
49 108
68 152
200 16
92 6
58 5
44 48
48 51
190 22
196 139
148 118
209 0
138 12
215 46
81 78
209 145
191 1
138 159
157 145
114 14
43 22
100 77
139 145
157 2
57 150
170 159
45 49
160 153
52 159
184 15
42 85
136 146
123 2
146 55
217 52
166 50
213 125
89 7
217 122
75 116
71 0
211 27
193 146
47 107
210 38
216 45
198 141
61 155
212 25
108 154
74 6
189 156
131 85
188 2
212 136
140 157
210 3
217 104
74 105
93 155
211 30
154 1
46 19
140 108
144 119
93 12
97 73
79 73
207 4
103 119
45 58
132 7
49 63
159 54
197 143
163 51
45 75
102 4
49 136
200 12
44 133
210 157
48 64
68 3
200 155
92 153
148 155
189 13
44 20
105 2
210 146
186 21
185 154
63 153
101 86
105 147
87 7
215 50
157 117
214 142
53 4
43 114
191 138
143 55
204 7
133 13
137 74
214 104
76 73
42 73
170 2
133 158
217 37
109 15
184 154
62 159
213 17
165 158
47 158
213 130
216 154
179 14
165 111
94 159
131 147
118 1
84 145
47 15
88 84
98 53
84 0
212 61
84 119
50 3
207 130
164 15
181 143
46 47
97 85
117 154
103 155
69 7
183 3
82 146
135 156
102 81
49 91
159 42
163 47
149 0
120 144
48 157
139 54
186 7
44 105
210 129
48 108
115 4
138 117
215 97
162 111
81 5
101 74
195 13
87 43
205 156
208 128
134 152
63 2
87 152
143 154
80 74
43 94
100 5
214 5
214 135
190 18
119 152
66 4
214 116
180 12
42 45
156 53
217 1
207 129
213 53
199 6
169 55
67 156
112 7
165 3
199 24
47 35
178 142
179 155
202 24
211 105
141 107
144 145
208 1
192 141
211 155
174 13
73 158
130 79
211 12
97 0
83 85
46 75
140 52
217 111
93 116
79 1
130 145
211 51
82 118
45 2
49 71
159 14
207 29
45 147
196 1
159 159
214 23
44 77
48 8
105 73
196 144
162 0
128 144
209 27
138 105
215 5
162 115
128 15
114 152
43 156
181 6
57 8
167 119
205 128
43 45
110 7
80 54
214 33
143 111
147 104
76 2
42 126
190 14
210 98
113 3
42 1
132 153
211 125
66 155
206 128
89 42
217 29
75 75
113 156
95 4
42 144
193 4
210 63
217 142
145 153
98 155
61 5
199 132
47 86
175 13
145 42
135 1
94 87
212 6
88 12
186 139
46 133
212 117
178 5
189 5
154 42
107 6
144 12
130 83
79 116
46 103
174 152
103 82
197 25
49 18
135 13
126 0
187 140
206 152
153 12
45 102
49 99
68 153
206 20
200 17
92 7
58 2
115 144
44 49
48 52
148 119
209 7
138 13
215 41
81 77
209 144
191 0
138 156
157 144
114 15
43 9
100 78
191 145
157 1
57 149
204 28
170 156
122 15
104 152
160 154
52 152
184 16
42 82
136 147
123 5
146 52
166 51
213 124
89 6
217 121
75 119
47 133
71 3
169 15
193 145
47 106
216 46
108 4
61 154
212 26
108 155
74 7
131 84
188 3
212 137
140 158
93 154
154 14
46 16
140 109
144 104
97 72
79 72
207 7
83 13
103 118
203 16
120 6
173 4
49 62
197 142
163 50
92 116
45 74
102 5
139 13
200 13
44 134
210 154
48 65
200 156
92 154
44 21
105 1
185 153
63 152
101 85
105 146
87 6
157 116
214 143
53 3
43 117
143 54
211 134
204 0
133 12
137 73
214 105
76 74
42 54
170 3
133 157
217 36
109 14
184 155
62 156
213 16
109 159
165 157
99 153
47 153
213 129
216 155
179 17
202 146
165 110
94 156
131 146
169 107
118 6
84 146
47 14
88 85
208 26
84 1
212 62
168 152
211 119
50 0
46 44
103 5
121 152
97 84
117 153
83 41
103 154
69 6
203 17
183 2
82 147
45 29
102 86
49 90
163 46
149 15
120 145
48 158
139 41
186 4
44 106
48 109
115 7
138 114
215 96
162 108
81 4
134 14
101 73
195 12
87 42
205 155
208 129
134 153
87 155
211 128
80 75
43 81
100 6
120 5
124 156
173 5
190 19
119 155
66 5
214 117
180 13
42 42
203 133
156 54
217 0
213 52
199 1
169 54
210 49
216 119
165 2
47 34
178 143
179 154
146 2
202 25
141 106
144 146
192 142
211 154
73 157
164 44
130 76
97 7
83 84
46 72
103 41
140 53
126 154
79 0
96 72
153 55
82 119
45 1
49 70
135 3
82 6
45 146
196 2
159 158
78 106
44 78
48 9
105 72
196 145
162 1
128 145
209 26
215 4
162 112
128 0
114 153
43 159
181 5
167 118
43 44
110 4
213 155
80 55
214 38
143 110
147 107
76 3
42 127
190 15
202 140
113 2
42 14
66 152
213 103
89 41
217 28
180 144
75 74
113 147
95 7
42 145
217 141
145 152
98 152
61 4
47 81
175 12
145 41
94 84
212 7
88 13
46 138
212 118
178 2
154 43
144 13
130 80
79 119
46 100
174 153
103 77
197 24
93 87
139 147
126 1
195 17
96 84
187 143
206 153
45 101
49 98
68 154
200 18
92 0
139 113
58 3
44 50
48 53
209 6
67 4
215 40
77 7
81 76
191 3
138 157
114 12
43 8
100 79
191 144
67 158
57 148
204 29
170 157
104 153
160 155
52 153
184 17
42 83
123 4
52 8
146 53
166 48
213 123
89 5
217 120
75 118
47 132
216 128
71 2
195 141
169 14
193 144
47 117
216 47
108 5
61 153
212 27
175 145
198 18
74 4
131 87
190 136
212 138
140 159
88 152
93 153
211 5
207 145
154 15
46 17
140 110
144 105
79 75
207 6
83 12
211 40
120 7
173 3
49 61
197 141
163 53
92 117
45 73
139 12
200 14
44 135
210 155
48 66
105 119
200 157
92 155
44 22
105 0
185 152
63 155
101 84
138 46
105 145
87 1
77 43
214 140
53 2
43 116
143 49
204 1
137 72
210 109
202 31
214 110
76 75
204 144
42 55
170 0
133 156
42 18
142 106
109 13
184 156
62 157
213 31
109 158
165 156
99 152
199 141
47 152
213 128
216 156
179 16
202 147
165 109
94 157
169 106
118 7
84 147
47 9
88 86
215 25
84 2
212 63
121 3
210 124
50 1
217 115
46 45
103 4
97 107
117 152
154 146
83 40
69 5
82 144
135 158
132 12
102 87
49 89
186 146
149 14
120 146
48 159
139 40
186 5
115 153
44 107
48 110
105 83
115 6
138 115
158 118
210 143
162 109
148 40
134 15
101 72
195 15
205 154
208 130
134 158
87 154
90 106
80 76
43 80
100 7
47 69
124 157
53 151
190 16
119 154
66 2
180 14
42 43
156 55
217 7
213 51
199 0
169 53
217 44
216 120
195 142
165 1
47 45
178 140
179 157
202 6
192 16
141 105
144 147
192 143
211 157
73 156
164 45
130 77
97 6
83 87
46 73
103 40
140 54
126 155
97 119
79 3
96 73
116 4
153 54
82 116
45 0
211 22
49 69
214 130
82 7
45 145
196 3
159 153
149 147
78 107
44 79
48 10
105 79
196 146
128 146
78 154
209 25
215 7
162 113
181 147
128 1
43 158
181 4
110 154
167 113
43 47
100 84
110 5
80 40
214 39
143 105
147 106
42 124
190 12
113 1
42 15
136 72
66 153
213 102
89 40
217 99
180 145
75 77
113 146
207 140
95 6
42 158
217 140
145 159
98 153
61 3
194 147
193 139
47 80
175 15
145 40
94 85
64 152
212 0
88 14
211 108
46 139
212 119
178 3
208 6
154 40
144 14
130 81
46 80
79 118
46 101
174 158
103 76
197 7
93 86
187 17
49 16
126 6
96 85
211 54
187 142
206 158
45 100
194 2
49 97
68 155
200 19
92 1
207 24
44 156
139 112
58 0
44 51
48 54
105 43
111 5
152 116
209 5
215 43
77 6
191 2
138 154
161 107
114 13
43 11
100 72
191 147
57 155
204 30
170 154
137 83
104 154
160 156
52 154
184 18
42 80
45 30
89 155
52 9
166 49
213 122
206 133
89 4
217 127
75 105
47 135
210 56
216 129
217 55
169 13
47 116
216 48
108 6
61 152
212 36
175 144
210 21
198 19
74 5
131 86
212 139
140 152
88 153
93 152
188 140
207 144
154 12
46 22
140 111
69 159
144 106
59 153
79 74
207 1
83 15
45 55
173 2
49 60
197 140
163 52
92 118
45 72
139 15
206 25
200 15
44 128
210 152
48 67
105 118
200 158
182 18
44 23
105 7
185 159
63 154
101 83
138 47
105 144
87 0
77 42
214 141
161 119
53 1
43 119
90 6
143 48
147 53
204 2
137 79
214 111
204 145
42 52
170 1
133 155
142 107
109 12
184 157
136 0
213 30
109 157
165 155
99 155
47 155
211 117
213 143
216 157
179 19
202 144
165 108
198 134
169 105
118 4
84 156
47 8
88 87
216 12
209 18
84 3
212 56
121 2
202 22
188 144
46 50
103 7
215 28
97 106
154 147
83 43
69 4
82 145
135 153
83 152
102 84
49 88
183 141
186 147
149 13
120 147
48 144
139 43
186 2
115 152
44 100
48 111
105 82
125 15
138 112
158 119
215 98
162 106
148 41
134 12
101 119
195 14
205 153
208 131
134 159
104 52
90 107
80 77
43 83
100 0
124 158
53 150
211 141
190 17
66 3
180 15
76 104
42 40
217 6
186 143
194 136
85 7
213 50
199 3
169 52
199 17
216 121
165 0
47 44
178 141
179 156
208 31
202 7
131 1
192 17
141 104
211 122
211 156
164 46
130 74
97 5
83 86
46 78
103 43
140 55
126 152
211 33
97 118
79 2
96 74
116 5
153 53
82 117
45 127
49 68
183 145
82 4
45 144
196 12
159 152
149 146
78 104
44 72
48 11
105 78
196 147
215 145
128 147
78 155
209 24
215 6
181 146
128 2
43 145
101 107
181 3
110 155
167 112
43 46
100 85
139 157
80 41
210 116
214 36
143 104
42 125
190 13
113 0
42 12
217 110
136 73
135 146
217 98
180 146
75 76
113 145
95 1
42 159
217 147
145 158
61 2
193 138
47 83
175 14
210 42
145 47
64 153
214 20
212 1
88 15
46 136
212 112
178 0
154 41
139 1
144 15
46 106
174 159
103 79
197 6
93 85
187 16
49 23
126 7
157 0
96 86
206 159
45 99
49 96
200 20
92 2
203 25
206 14
44 157
48 88
139 115
211 124
58 1
44 44
48 55
105 42
111 4
152 117
209 4
215 42
162 146
77 5
191 13
138 155
161 106
43 10
100 73
191 146
104 12
57 154
204 31
170 155
216 118
137 82
104 155
160 157
215 134
52 155
184 19
42 81
123 6
160 12
89 154
52 10
202 137
166 54
189 143
213 121
217 126
75 104
47 134
216 130
195 135
165 119
169 12
47 119
216 49
108 7
94 54
212 37
175 147
198 16
74 2
209 12
140 153
88 154
215 119
188 141
207 147
154 13
46 23
140 104
69 158
144 107
59 152
79 85
207 0
83 14
215 18
45 54
173 1
49 51
197 139
163 55
92 119
45 71
49 140
44 129
210 153
48 68
105 117
200 159
182 19
44 16
176 152
105 6
185 158
101 82
138 44
195 21
87 3
185 15
77 41
208 152
124 4
161 118
53 0
43 118
104 104
90 7
143 51
147 52
204 3
214 131
137 78
214 108
204 146
42 53
170 14
133 154
160 40
142 104
199 137
184 158
207 133
99 13
136 1
213 29
109 156
165 154
99 154
194 154
47 154
213 142
67 152
179 18
202 145
165 107
169 104
118 5
155 13
84 157
47 11
216 13
211 101
84 12
212 57
208 13
121 1
188 145
46 51
103 6
140 12
97 105
79 41
154 144
83 42
69 3
201 155
211 47
45 26
83 155
102 85
49 95
183 140
186 144
149 12
207 17
48 145
139 42
186 3
115 155
44 101
48 96
105 81
125 14
54 10
138 113
158 116
215 125
162 107
148 42
205 7
134 13
101 118
190 138
205 152
208 132
134 156
104 53
90 104
80 78
43 82
171 153
100 1
124 159
53 149
100 144
66 0
210 102
203 153
76 105
42 41
42 31
119 5
160 52
217 5
99 41
85 6
213 49
217 40
199 2
216 122
165 15
47 47
88 52
179 159
202 4
94 14
131 0
192 18
189 146
211 159
217 118
164 47
130 75
97 4
150 14
46 79
103 42
140 48
126 153
97 117
211 131
96 75
116 6
153 52
45 126
49 123
183 144
82 5
45 143
196 13
159 155
149 145
78 105
44 73
48 12
105 77
196 156
215 144
189 3
78 152
209 31
210 136
181 145
128 3
43 144
101 106
181 2
110 152
213 141
167 115
43 33
100 86
194 143
80 42
47 64
214 37
143 107
42 122
113 7
42 13
136 74
213 100
217 97
180 147
75 79
113 144
166 154
95 0
42 156
210 0
217 146
145 157
198 137
95 145
61 1
193 137
47 82
198 154
145 46
98 6
64 154
212 2
127 145
168 104
46 137
212 113
178 1
154 54
215 1
144 0
150 42
83 117
46 107
174 156
103 78
197 5
93 84
187 19
199 135
49 22
126 4
96 87
198 24
206 156
82 86
45 98
49 103
200 21
92 3
129 15
206 15
44 158
48 89
139 114
44 45
48 40
105 41
215 133
111 7
152 118
215 37
162 147
77 4
191 12
138 152
161 105
43 13
100 74
191 157
104 13
57 153
204 24
170 152
137 81
104 156
160 158
42 94
160 13
89 153
52 11
166 55
189 142
213 120
217 125
209 13
75 107
47 129
216 131
165 118
169 115
47 118
216 50
108 0
94 55
98 42
212 38
175 146
198 17
74 3
211 115
140 154
88 155
188 142
207 146
46 20
177 155
140 105
69 157
144 108
93 7
59 155
210 115
150 54
79 84
207 3
106 146
45 53
173 0
49 50
197 138
163 54
211 61
45 70
49 131
78 54
44 130
135 85
48 69
105 116
211 14
182 16
44 17
176 153
105 5
185 157
77 87
101 81
138 45
195 20
87 2
185 14
77 40
208 153
124 5
161 117
43 105
104 105
45 62
90 4
143 50
147 55
137 77
214 109
204 147
42 50
170 15
133 153
203 129
135 155
160 41
142 105
199 136
184 159
99 12
136 2
213 28
109 155
165 153
99 157
210 53
216 159
202 158
165 106
169 111
155 12
84 158
47 10
216 14
84 13
212 58
210 14
121 0
211 127
164 52
188 146
46 48
103 1
140 13
93 107
97 104
79 40
154 145
69 2
201 154
45 25
83 154
102 74
49 94
135 7
92 84
183 143
186 145
48 146
139 45
186 0
115 154
152 144
44 102
101 147
48 97
105 80
125 13
54 11
158 117
210 37
162 104
148 43
205 6
134 2
101 117
208 133
134 157
104 54
90 105
80 79
43 85
171 152
100 2
124 152
53 148
210 125
100 145
66 1
202 128
203 152
76 106
42 22
119 4
160 53
217 4
99 40
85 5
213 48
216 123
165 14
47 46
88 53
179 158
202 5
94 15
131 3
209 21
192 19
155 153
215 124
211 158
164 40
130 72
150 15
46 76
140 49
126 158
97 116
116 7
45 125
102 118
49 122
183 147
82 2
45 142
196 14
159 154
149 144
44 74
48 13
141 116
105 76
196 157
215 147
78 153
209 30
157 158
87 85
215 0
181 144
128 4
43 147
101 105
181 1
110 153
147 145
167 114
43 32
100 87
194 140
80 43
214 138
214 58
143 106
42 123
113 6
42 10
136 75
213 99
217 96
180 156
75 78
203 21
166 155
95 3
42 157
217 145
145 156
211 25
95 144
61 0
193 136
47 93
198 155
145 45
98 7
64 155
212 3
208 20
127 144
168 105
46 142
212 114
211 1
154 55
144 1
150 43
214 30
83 116
46 104
174 157
103 73
197 4
211 36
187 18
150 154
49 21
126 5
96 104
206 157
82 87
45 97
49 102
200 22
182 154
129 14
206 12
44 159
48 90
139 117
78 74
44 46
48 41
190 23
105 40
111 6
152 119
81 55
138 54
215 36
162 144
77 3
209 139
191 15
138 153
157 107
161 104
43 12
100 75
191 156
104 14
57 152
204 25
170 153
137 80
104 157
45 48
160 159
42 95
136 152
160 14
89 152
166 52
189 141
213 7
217 124
75 106
47 128
216 132
165 117
169 114
47 113
210 39
216 51
108 1
94 52
210 26
98 43
212 39
175 157
199 25
108 144
74 0
189 155
140 155
88 156
127 5
188 143
207 157
46 21
177 154
140 106
69 156
144 109
93 6
59 154
150 55
79 87
207 2
210 114
106 147
45 52
132 0
49 49
197 137
96 116
45 69
49 130
78 55
44 131
135 84
48 70
182 17
129 155
189 12
44 18
176 154
105 4
210 147
91 41
185 156
77 86
101 80
138 42
195 23
161 155
185 13
208 154
124 6
161 116
90 146
43 104
104 106
90 5
147 54
137 76
214 98
204 140
42 51
170 12
133 152
160 42
142 110
199 139
99 15
136 3
213 27
109 154
165 152
99 156
213 140
216 96
202 159
165 105
131 153
169 110
155 15
84 159
47 21
216 15
84 14
212 59
121 7
164 53
188 147
181 142
46 49
103 0
140 14
93 106
79 43
154 158
103 145
69 1
201 153
135 154
83 157
102 75
49 93
106 6
195 27
92 85
183 142
186 158
48 147
139 44
186 1
115 157
152 145
44 103
101 146
48 98
105 87
125 12
54 8
152 0
215 127
162 105
91 53
148 52
205 5
134 3
101 116
208 134
134 146
104 55
90 118
43 84
171 155
100 3
124 153
214 132
100 146
156 156
203 155
76 107
42 23
136 80
119 7
85 147
160 54
207 128
99 43
85 4
213 63
67 159
165 13
47 41
88 54
202 2
94 12
131 2
192 20
155 152
208 2
164 41
130 73
211 15
150 12
46 77
140 50
126 159
211 50
116 0
45 124
194 6
102 119
49 121
183 146
207 28
82 3
135 15
196 15
149 159
44 75
48 14
196 158
215 146
78 158
209 29
101 7
87 84
215 3
181 159
128 5
114 146
199 16
43 146
101 104
181 0
110 158
147 144
167 109
43 35
100 80
194 141
157 55
90 74
147 1
214 59
143 117
42 120
133 79
210 99
113 5
42 11
132 154
213 98
206 129
217 103
180 157
203 20
166 152
95 2
42 154
210 60
217 144
145 147
207 131
95 147
151 157
193 143
47 92
198 152
145 44
98 4
64 156
212 12
210 25
186 136
127 147
168 106
46 143
212 115
154 52
144 2
150 40
83 119
46 105
103 72
197 3
187 21
150 155
49 20
135 12
96 105
82 84
45 96
49 101
206 21
200 23
182 155
129 13
206 13
44 152
48 91
139 116
115 147
78 75
44 47
48 42
111 1
81 54
138 55
215 39
162 145
77 2
209 138
191 14
157 106
43 15
100 116
191 159
104 15
57 159
204 26
122 12
104 158
160 144
42 92
136 153
160 15
89 159
166 53
189 140
85 75
213 6
142 2
47 131
216 133
165 116
169 113
47 112
216 52
203 24
108 2
94 53
98 40
212 32
175 156
215 101
108 145
74 1
88 157
127 4
188 136
207 156
46 26
177 153
140 107
69 155
144 110
201 19
93 5
59 157
150 52
79 86
207 13
106 144
45 51
49 48
197 136
96 117
45 68
139 3
78 52
44 124
135 87
48 71
176 12
92 144
129 154
44 19
176 155
195 137
91 40
77 85
138 43
195 22
161 154
185 12
208 155
124 7
90 147
167 53
43 107
100 104
104 107
90 2
214 99
204 141
42 48
170 13
156 40
160 43
142 111
199 138
95 53
99 14
136 4
213 26
109 153
99 159
213 139
216 97
202 156
165 104
131 152
169 109
155 14
84 152
47 20
216 16
208 27
84 15
211 118
121 6
164 54
46 54
103 3
140 15
201 15
93 105
121 159
79 42
154 159
103 144
69 0
201 152
45 23
83 156
102 72
49 92
106 7
92 86
186 159
48 148
139 47
196 20
186 14
115 156
152 146
44 96
101 145
48 99
105 86
215 137
54 9
115 13
152 1
215 126
91 52
148 53
205 4
134 0
215 141
208 135
171 13
134 147
139 153
87 145
90 119
43 87
171 154
100 12
45 57
124 154
100 147
119 145
156 157
203 154
42 20
136 81
203 132
119 6
156 12
85 146
160 55
146 118
95 41
99 42
85 3
213 62
75 53
210 46
216 125
165 12
47 40
88 55
202 3
94 13
131 5
192 21
155 155
49 143
164 42
150 13
190 139
121 147
140 51
126 156
116 1
45 123
102 116
49 120
135 2
82 0
45 140
149 158
44 68
48 15
196 159
203 19
78 159
209 28
101 6
87 87
215 2
181 158
128 6
114 147
43 149
191 21
181 15
110 159
147 147
167 108
43 34
100 81
194 138
157 54
90 75
110 14
147 0
214 56
143 116
42 121
133 78
202 141
113 4
166 14
42 8
136 77
213 97
217 102
180 158
203 23
166 153
95 13
42 155
145 146
95 146
98 146
151 156
193 142
47 95
198 153
98 5
151 13
64 157
212 13
141 55
127 146
168 107
46 140
212 124
154 53
144 3
202 28
150 41
83 118
46 110
103 75
197 2
187 20
150 152
49 11
197 147
195 16
96 106
82 85
45 95
49 100
200 24
182 152
129 12
206 18
44 153
48 92
139 119
78 72
44 40
48 43
111 0
81 53
138 52
157 153
215 38
77 1
209 137
157 105
114 6
43 14
100 117
191 158
181 19
57 158
204 27
137 86
104 159
160 145
42 93
80 152
136 154
160 0
89 158
166 42
189 139
156 116
85 74
213 5
89 15
142 3
194 158
47 130
216 134
165 115
169 112
47 115
216 53
108 3
145 15
211 97
98 41
212 33
175 159
108 146
215 132
190 137
212 144
88 158
127 7
93 147
211 4
188 137
207 159
46 27
177 152
69 154
144 111
201 18
93 4
130 14
59 156
150 53
79 81
207 12
106 145
211 43
120 13
49 55
96 118
45 67
139 2
78 53
44 125
135 86
48 120
176 13
92 145
129 153
44 12
176 156
195 136
91 43
77 84
205 31
138 40
105 155
161 153
185 19
208 156
124 0
90 144
167 52
43 106
100 105
90 3
210 106
214 96
204 142
42 49
42 19
156 41
142 108
109 7
95 52
136 5
213 25
89 107
109 152
99 158
199 140
213 138
216 98
202 157
75 153
131 155
169 108
155 1
84 153
47 23
210 32
216 17
151 53
211 17
107 153
121 5
217 114
164 55
195 143
46 55
103 2
201 14
93 104
79 53
154 156
103 147
201 159
45 22
42 143
102 73
49 83
106 4
92 87
186 156
120 152
48 149
139 46
196 21
186 15
115 159
152 147
44 97
101 144
48 100
105 85
215 136
208 23
189 7
115 12
152 2
210 140
91 55
148 54
205 3
134 1
43 57
171 12
134 144
87 144
90 116
43 86
171 157
100 13
47 68
104 72
124 155
100 156
119 144
156 158
203 157
42 21
136 82
119 1
156 13
85 145
146 119
166 114
95 40
85 2
213 61
75 52
216 126
47 43
202 0
168 112
131 4
192 22
155 154
70 154
164 43
150 2
121 146
140 44
126 157
102 154
215 27
116 2
45 122
102 117
49 127
210 122
82 1
45 139
149 157
44 69
48 0
196 152
78 156
134 82
101 5
87 86
125 159
181 157
128 7
114 144
43 148
191 20
181 14
110 156
147 146
167 111
43 37
100 82
194 139
157 53
90 72
110 15
147 3
214 57
143 119
42 102
133 77
166 15
42 9
136 78
213 96
217 101
180 159
203 22
166 158
95 12
42 152
99 73
145 145
95 157
98 147
151 159
194 144
193 141
47 94
198 158
165 47
98 2
151 12
64 158
212 14
141 54
127 157
168 108
46 141
212 125
208 7
144 4
46 81
46 111
103 74
197 1
187 23
150 153
153 107
49 10
197 146
92 104
96 107
211 57
45 94
194 3
49 155
200 25
182 153
129 3
207 27
206 19
44 154
48 93
139 118
78 73
81 155
44 41
48 44
111 3
194 142
81 52
138 53
211 24
215 33
77 0
209 136
157 104
114 7
43 1
100 118
191 153
57 157
204 20
137 85
160 146
42 90
80 153
136 155
203 141
135 159
160 1
89 157
166 43
189 138
156 117
85 73
213 4
206 138
89 14
142 0
47 141
210 57
216 135
217 54
165 114
169 119
47 114
216 54
145 14
212 34
175 158
210 18
108 147
212 145
88 159
127 6
74 158
93 146
188 138
207 158
46 24
177 159
69 153
201 17
93 3
130 15
59 159
79 80
207 15
106 158
120 14
49 54
96 119
82 54
45 66
139 5
206 30
44 126
135 81
48 121
176 14
200 132
92 146
129 152
44 13
176 157
195 139
91 42
77 83
205 30
138 41
105 154
161 152
185 18
208 157
124 1
210 27
90 145
53 11
76 156
167 55
43 109
100 106
90 0
214 97
204 143
42 62
156 42
142 109
109 6
95 55
136 6
213 24
89 106
199 21
213 137
216 99
202 154
75 152
198 135
131 154
155 0
84 154
47 22
216 18
209 17
151 52
107 152
121 4
164 48
202 23
154 106
46 52
215 31
201 13
79 52
154 157
103 146
201 158
45 21
83 158
102 78
49 82
106 5
186 157
198 22
120 153
48 150
196 22
186 12
115 158
44 98
101 159
48 101
105 84
215 139
115 15
152 3
215 120
91 54
148 55
77 119
205 2
134 6
205 147
43 56
171 15
134 145
87 147
90 117
43 73
171 156
100 14
104 73
214 18
211 140
100 157
119 147
156 159
203 156
132 144
136 83
119 0
156 14
85 144
146 116
166 115
95 43
85 1
213 60
75 55
195 25
122 6
216 127
47 42
208 16
202 1
168 113
131 7
192 23
155 157
168 158
168 0
70 155
150 3
214 26
121 145
140 45
93 75
211 32
102 155
116 3
45 121
102 106
49 126
92 52
149 43
45 138
149 156
44 70
48 1
196 153
78 157
134 83
101 4
125 158
181 156
54 154
114 145
43 151
191 23
181 13
110 157
167 110
43 36
100 83
49 30
157 52
90 73
110 12
147 2
210 117
214 62
143 118
42 103
133 76
211 130
166 12
136 79
213 111
217 100
180 152
166 159
95 15
42 153
99 72
193 19
145 144
95 156
98 144
151 158
193 140
47 89
210 43
198 159
165 46
98 3
151 15
64 159
212 15
141 53
127 156
189 159
168 109
46 146
212 126
210 4
217 107
117 7
139 0
199 19
144 5
46 108
197 0
187 22
150 158
153 106
42 134
49 9
197 145
163 1
92 105
79 157
45 93
49 154
200 26
182 158
129 2
206 16
44 155
48 94
139 105
78 78
81 154
44 42
48 45
186 22
111 2
81 43
138 50
87 117
215 32
209 143
114 4
43 0
100 119
191 152
57 156
204 21
137 84
160 147
215 129
42 91
80 154
136 156
160 2
89 156
166 40
189 137
65 155
156 118
85 72
213 3
89 13
142 1
47 140
216 136
195 134
165 113
169 118
47 125
216 55
145 13
212 35
175 153
188 20
212 146
127 1
74 159
93 145
188 139
207 153
46 25
177 158
69 152
201 16
164 108
93 2
130 12
59 158
79 83
207 14
103 105
106 159
120 15
49 53
82 55
45 65
139 4
44 127
135 80
48 122
176 15
200 133
92 147
129 159
152 40
44 14
176 158
195 138
158 2
58 158
77 82
205 29
211 42
105 153
161 159
185 17
208 158
203 27
124 2
90 158
53 10
76 157
167 54
43 108
100 107
90 1
214 128
214 102
56 0
204 136
42 63
156 43
142 114
109 5
207 132
95 54
132 76
136 7
213 39
89 105
199 20
194 155
213 136
67 155
202 155
75 155
131 157
155 3
84 155
47 17
216 19
211 100
60 156
151 55
192 12
107 155
208 14
211 137
164 49
154 107
46 53
201 12
79 55
154 154
201 157
211 46
45 20
102 79
49 81
106 2
186 154
207 16
120 154
48 151
196 23
186 13
44 99
101 158
48 102
215 138
115 14
152 4
215 123
77 118
205 1
134 7
205 146
43 59
171 14
87 146
43 72
171 159
100 15
137 3
104 74
214 19
53 159
133 87
100 158
119 146
156 152
210 103
203 159
132 145
136 84
119 3
156 15
85 159
217 15
146 117
166 112
95 42
85 0
213 59
217 47
75 54
122 7
51 1
47 53
210 29
186 140
202 14
168 114
131 6
155 156
189 145
168 1
70 152
217 117
168 144
150 0
121 144
215 140
140 46
55 157
93 74
187 13
102 152
116 12
45 120
102 107
49 125
92 53
149 42
45 137
149 155
44 71
172 12
48 2
105 55
196 154
211 102
189 2
134 80
101 3
125 157
181 155
54 155
43 150
191 22
181 12
167 105
43 39
194 137
90 86
110 13
147 5
122 0
214 63
143 113
76 52
42 100
133 75
166 13
123 1
213 110
142 42
180 153
166 156
95 14
132 4
99 75
193 18
95 159
98 145
151 153
47 88
198 156
165 45
98 0
151 14
141 52
127 159
168 110
46 147
212 127
203 18
117 6
46 2
144 6
46 109
197 15
150 159
153 105
49 8
197 144
126 14
163 0
92 106
198 25
79 156
45 92
49 153
200 27
163 145
182 159
129 1
206 17
44 148
48 95
139 104
182 14
78 79
81 153
44 43
48 46
195 145
111 13
81 42
138 51
87 116
215 35
209 142
